F 521.2132034355964 21.213203435596427 0.7853981633974483
E 0.0 0.0 0.0 0.0
F 521.2132034355964 21.213203435596427 0.7853981633974483
E 0.0 0.0 0.0 0.0
F 521.2132034355964 21.213203435596427 0.7853981633974483
E 0.0 0.0 0.0 0.0
F 521.2132034355964 21.213203435596427 0.7853981633974483
E 0.0 0.0 0.0 0.0
F 521.2132034355964 21.213203435596427 0.7853981633974483
E 0.0 0.0 0.0 0.0
F 521.2132034355964 21.213203435596427 0.7853981633974483
E 0.0 0.0 0.0 0.0
F 521.2132034355964 21.213203435596427 0.7853981633974483
E 0.0 0.0 0.0 0.0
F 521.2132034355964 21.213203435596427 0.7853981633974483
E 0.0 0.0 0.0 0.0
F 521.2132034355964 21.213203435596427 0.7853981633974483
E 0.0 0.0 0.0 0.0
F 521.2132034355964 21.213203435596427 0.7853981633974483
E 0.0 0.0 0.0 0.0
F 521.2132034355964 21.213203435596427 0.7853981633974483
E 0.0 0.0 0.0 0.0
F 521.2132034355964 21.213203435596427 0.7853981633974483
E 0.0 0.0 0.0 0.0
F 521.2132034355964 21.213203435596427 0.7853981633974483
E 0.0 0.0 0.0 0.0
F 538.734602366618 38.73460236661789 0.7853981633974483
E 0.7853981633974483 6.132489625857511 0.9803674867040219 0.07912889839816142
F 570.0756962291493 70.07569622914923 0.7853981633974483
E 0.7853981633974483 12.567210874434311 5.475191443306048 0.16215755967012013
F 601.8703445370049 101.70341531094421 0.7831465504942225
E 0.7828124089471024 16.76737695001316 12.83932291985737 0.2163533175619991
F 633.7765974938404 133.46630975169734 0.7831465504942225
E -0.7787456667991244 22.130360614405006 20.13169788240953 0.25976604934918823
F 633.7765974938404 133.46630975169734 0.7831465504942225
E -0.7787456667991244 22.130360614405006 20.13169788240953 0.25976604934918823
F 665.4355151564368 164.98298020453768 0.7831465504942225
E -0.7850183603816974 32.89771535623116 22.967756847654286 0.2963592841274819
F 697.13474324568 196.70633459658308 0.7853981633974483
E -2.356708267195755 25.509383577016756 45.053331979952596 0.3291542330739014
F 728.9293915535357 228.33405367837804 0.7831465504942225
E -2.356997152379987 27.81975820132453 58.42212636749451 0.3589654482152605
F 760.6286196427789 260.05740807042343 0.7853981633974483
E -2.3571252484970304 29.952447459709894 72.9026765486102 0.38648399303761277
F 760.6286196427789 260.05740807042343 0.7853981633974483
E -2.3571252484970304 29.952447459709894 72.9026765486102 0.38648399303761277
F 792.4232679506345 291.68512715221846 0.7831465504942225
E -2.357192229140068 31.943062162721297 88.41540247225362 0.4121693350265303
F 824.1224960398777 323.40848154426385 0.7853981633974483
E -2.357231116458192 33.81670161791002 104.89570448502265 0.43634532723306074
F 824.1224960398777 323.40848154426385 0.7853981633974483
E -2.357231116458192 33.81670161791002 104.89570448502265 0.43634532723306074
F 855.9171443477333 355.03620062605887 0.7831465504942225
E -2.357255416072533 35.591844347099126 122.28978318047452 0.4592503984320988
F 887.6163724369765 386.75955501810427 0.7853981633974483
E -2.3572714589883623 37.28256231489843 140.55192883836452 0.48106612053017844
F 919.4110207448321 418.3872740998993 0.7831465504942225
E -2.3572825156978734 38.899865260269046 159.64267682743537 0.5019345536859071
F 951.1102488340753 450.1106284919447 0.7853981633974483
E -2.3572904043148974 40.452559610826114 179.52750296409008 0.5219693286446871
F 982.9048971419309 481.7383475737397 0.7831465504942225
E -2.3572961956381353 41.94782043289382 200.1758712366426 0.5412630265478144
F 982.9048971419309 481.7383475737397 0.7831465504942225
E -2.3572961956381353 41.94782043289382 200.1758712366426 0.5412630265478144
F 1014.6041252311741 513.4617019657851 0.7853981633974483
E -2.35730055055931 43.391585564902975 221.56052025788117 0.5598922644309482
F 1046.3987735390297 545.08942104758 0.7831465504942225
E -2.35730389313568 44.78883516822533 243.65691661295898 0.5779213022821788
F 1078.3050264958651 576.8523154883331 0.7831465504942225
E -2.3574014539952657 46.153942763517286 266.5328220535661 0.5955356194266898
F 1078.3050264958651 576.8523154883331 0.7831465504942225
E -2.3574014539952657 46.153942763517286 266.5328220535661 0.5955356194266898
F 1109.9639441584616 608.3689859411735 0.7831465504942225
E -2.357487507575472 47.45962722645386 289.89848945755836 0.6123831308094629
F 1141.6631722477048 640.092340333219 0.7853981633974483
E -2.35747901793249 48.74039530064315 314.0047114245937 0.6289092007292583
F 1173.4578205555606 671.7200594150139 0.7831465504942225
E -2.3574705824099196 49.988359423471806 338.74438210801026 0.6450119895194423
F 1205.364073512396 703.482953855767 0.7831465504942225
E -2.357540353627855 51.21506879893715 364.2015550631545 0.6608404565386646
F 1205.364073512396 703.482953855767 0.7831465504942225
E -2.357540353627855 51.21506879893715 364.2015550631545 0.6608404565386646
F 1237.0229911749925 734.9996243086074 0.7831465504942225
E -2.357602979745463 52.39478478862764 390.06233208442603 0.6760625221769799
F 1268.7222192642357 766.7229787006529 0.7853981633974483
E -2.3575886525637104 53.55766214095837 416.61217298908883 0.6910674480499093
F 1300.5168675720915 798.3506977824478 0.7831465504942225
E -2.357574955423072 54.69582201828884 443.7384187593813 0.7057534283417465
F 1300.5168675720915 798.3506977824478 0.7831465504942225
E -2.357574955423072 54.69582201828884 443.7384187593813 0.7057534283417465
F 1332.2160956613347 830.0740521744933 0.7853981633974483
E -2.357561957336709 55.81077655248011 471.42908510305045 0.7201399763088031
F 1364.0107439691906 861.7017712562882 0.7831465504942225
E -2.3575496839214916 56.90388971296872 499.6729042524669 0.7342446930962172
F 1395.916996926026 893.4646656970414 0.7831465504942225
E -2.3575994382590757 57.98447950830743 528.5723187945613 0.7481877516468441
F 1428.0705851771006 925.4737841257073 0.7831465504942225
E -2.3576458432071634 59.06165974541623 558.2389116045582 0.7620867770482708
F 1428.0705851771006 925.4737841257073 0.7831465504942225
E -2.3576458432071634 59.06165974541623 558.2389116045582 0.7620867770482708
F 1459.7698132663438 957.1971385177528 0.7853981633974483
E -2.35763131872885 60.09566754393754 588.0901656581615 0.7754288746324419
F 1491.5644615741996 988.8248575995477 0.7831465504942225
E -2.357617515926803 61.11218340086527 618.4561757226696 0.7885452577218698
F 1523.2636896634428 1020.5482119915932 0.7853981633974483
E -2.3576044291778904 62.112066031405945 649.3282621582349 0.8014470084400869
F 1523.2636896634428 1020.5482119915932 0.7853981633974483
E -2.3576044291778904 62.112066031405945 649.3282621582349 0.8014470084400869
F 1555.0583379712987 1052.1759310733883 0.7831465504942225
E -2.357592040977851 63.096106112633414 680.6981781648809 0.8141443306929548
F 1586.7575660605419 1083.8992854654334 0.7853981633974483
E -2.3575803262779136 64.06503359959972 712.5580741358065 0.8266466446199331
F 1618.5522143683977 1115.5270045472284 0.7831465504942225
E -2.357569255506318 65.0195240599579 744.9004660903223 0.8389626683728595
F 1618.5522143683977 1115.5270045472284 0.7831465504942225
E -2.357569255506318 65.0195240599579 744.9004660903223 0.8389626683728595
F 1650.251442457641 1147.2503589392736 0.7853981633974483
E -2.357558796666644 65.96020418340119 777.7182075912764 0.8511004892403853
F 1682.0460907654967 1178.8780780210686 0.7831465504942225
E -2.357548916785212 66.88765659363641 811.004464656683 0.8630676257670299
F 1713.2418027355156 1211.0994692699837 0.7989078408168031
E -2.35726971669229 67.8106821998155 844.7516300766114 0.8749797292132124
F 1740.5113142891512 1246.3597160088589 0.8957271956555131
E -0.7840416385552877 878.6128547032328 69.00984335788819 0.8905642604374318
F 1740.5113142891512 1246.3597160088589 0.8957271956555131
E -0.7840416385552877 878.6128547032328 69.00984335788819 0.8905642604374318
F 1764.6494740545922 1284.448721508443 0.9902949375909973
E -0.7780821277877539 912.9983955658976 70.2162242331905 0.9059586680752414
F 1784.8908378870447 1324.5530249770627 1.0871142924297068
E -0.7689538298774894 947.1105475551497 71.59545338129671 0.9211917602128661
F 1801.195484280308 1366.2219830568101 1.1816820343651901
E -0.7569567145159265 980.70140821252 73.40385681926857 0.9359120941071021
F 1813.4926098053709 1409.2443524160396 1.2762497763006735
E -0.7423545468993076 1013.6859292559544 76.02279082949043 0.950404459536993
F 1813.4926098053709 1409.2443524160396 1.2762497763006735
E -0.7423545468993076 1013.6859292559544 76.02279082949043 0.950404459536993
F 1821.5146567463423 1453.0913366149225 1.373069131139383
E -0.7254196146547247 1045.7080994598873 79.8336374243793 0.9647713781732162
F 1825.364322618903 1498.1984109711368 1.4698884859780925
E -0.7059926153650745 1077.1665122308616 85.29114737528984 0.9792535026934324
F 1824.7806223828513 1542.4212247692203 1.566707840816802
E -0.6850476119995835 1106.6634118845845 92.41725719977813 0.9930443629393181
F 1820.1291241853446 1587.095700587065 1.65902396984906
E -0.6620215896994666 1135.2504628118002 101.59499449566617 1.0066304443546104
F 1820.1291241853446 1587.095700587065 1.65902396984906
E -0.6620215896994666 1135.2504628118002 101.59499449566617 1.0066304443546104
F 1806.8670231493052 1630.9289750388987 1.8369013892038986
E -0.636183349732624 1161.6223372221255 113.55156773469193 1.0291632630133138
F 1785.7791308526494 1670.4531122465664 2.0282884859780923
E -0.607922927545765 1182.9388870944933 128.11309249776716 1.0526087555059294
F 1758.4958391292384 1705.0560980661699 2.2061659053329308
E -0.577778171128171 1198.9686879185986 145.2721169478169 1.073437229491107
F 1758.4958391292384 1705.0560980661699 2.2061659053329308
E -0.577778171128171 1198.9686879185986 145.2721169478169 1.073437229491107
F 1728.339760239866 1733.1538328568622 2.3570239698490596
E -0.5481638731131704 1209.5785992117987 163.654193656128 1.0895852048489856
F 1693.370194830479 1756.8990578782077 2.5123852601716408
E -0.5169521628782537 1216.1084762369844 184.4755540279964 1.1063853437970361
F 1655.9596976998646 1774.9824037855192 2.658740098881318
E -0.48586994866631683 1218.1962003480157 206.51710546775962 1.1217238775035048
F 1655.9596976998646 1774.9824037855192 2.658740098881318
E -0.48586994866631683 1218.1962003480157 206.51710546775962 1.1217238775035048
F 1616.432304914258 1787.2405631254894 2.8073465504942217
E -0.4549774987049987 1216.0098533055066 229.61360918117026 1.1370190705386491
F 1576.3419291695077 1793.9952555580535 2.94244332468777
E -0.42507402378226083 1209.8455141241614 253.06997750217002 1.1505584079151954
F 1533.8946618950893 1794.3703795542613 3.1000562279135764
E -0.39490483141453514 1199.1560519199563 277.9055947367187 1.1667809508308968
F 1492.5700594689893 1788.5593351610523 -3.034522627653107
E -0.36692688787507305 1184.3473181313273 302.2394486161772 1.181617566000945
F 1492.5700594689893 1788.5593351610523 -3.034522627653107
E -0.36692688787507305 1184.3473181313273 302.2394486161772 1.181617566000945
F 1452.9042649246376 1776.7567085890987 -2.885916176040204
E -0.3414956310858402 1165.7769059939849 325.8433012193848 1.1961471404844277
F 1415.1792968502941 1758.886594367333 -2.732806498620849
E -0.3190483772283376 1143.3901394996956 348.58522720947354 1.211062239477665
F 1380.5037704033896 1735.6680916540852 -2.584200047007946
E -0.3007685955724637 1117.7970280552038 369.69949080828684 1.2253628168623376
F 1380.5037704033896 1735.6680916540852 -2.584200047007946
E -0.3007685955724637 1117.7970280552038 369.69949080828684 1.2253628168623376
F 1343.696554256702 1710.646207943869 -2.5504258534595587
E -0.2845703795715213 1088.9872591741869 391.42186167704864 1.2339355532353757
F 1306.5267911681922 1685.5539583978193 -2.548174240556333
E -0.2694297213671389 1060.6201301716205 414.18006337211443 1.242220042263128
F 1269.2816083518198 1660.573793620297 -2.5504258534595587
E -0.25508068605686807 1033.4066606955787 438.2850123406054 1.2504496460322272
F 1232.4806225083591 1635.8712478011025 -2.5504258534595587
E -0.24197246967650848 1007.7016258351176 463.47407065111315 1.2584347455702996
F 1232.4806225083591 1635.8712478011025 -2.5504258534595587
E -0.24197246967650848 1007.7016258351176 463.47407065111315 1.2584347455702996
F 1195.3108594198493 1610.7789982550528 -2.548174240556333
E -0.23036670454183866 982.8764383148708 490.2788655875788 1.266558996936384
F 1157.9869216850416 1585.6033331602 -2.548174240556333
E -0.22107616812911962 959.1882862694736 518.4991825263047 1.274692643383063
F 1120.3736510995764 1560.2325078708134 -2.548174240556333
E -0.2150625849860847 936.6385279039489 548.2561166742133 1.2829001048921782
F 1083.128468283204 1535.252343093291 -2.5504258534595587
E -0.21389946827028336 915.7407089615176 578.9255892658338 1.2908703896961446
F 1083.128468283204 1535.252343093291 -2.5504258534595587
E -0.21389946827028336 915.7407089615176 578.9255892658338 1.2908703896961446
F 1045.9587051946942 1510.1600935472413 -2.548174240556333
E -0.22012018399982214 896.3138414279272 610.6713530748771 1.2987917642394375
F 1009.2134331612014 1485.374748841456 -2.548174240556333
E -0.23813127410656953 878.7509638519674 642.8146404522015 1.3064814344079494
F 971.8894954263935 1460.1990837466033 -2.548174240556333
E -0.27734857025599413 863.0598656319961 675.7730374889906 1.3143680537912714
F 971.8894954263935 1460.1990837466033 -2.548174240556333
E -0.27734857025599413 863.0598656319961 675.7730374889906 1.3143680537912714
F 934.8548905422432 1435.2185788462841 -2.548174240556333
E -0.3555581739567058 850.711650820097 707.6401310987649 1.322086913073843
F 897.5309528074354 1410.0429137514313 -2.548174240556333
E -0.5097604493134005 844.3077720247362 736.0510040929147 1.3298809902000723
F 860.496347923285 1385.0624088511122 -2.548174240556333
E -0.7583461035125232 849.8214639378309 754.6146650082483 1.3375103263113874
F 823.1724101884772 1359.8867437562594 -2.548174240556333
E -2.571857305554847 759.3923900835464 871.4874275996209 1.3452150442825102
F 823.1724101884772 1359.8867437562594 -2.548174240556333
E -2.571857305554847 759.3923900835464 871.4874275996209 1.3452150442825102
F 786.8821477542535 1334.1312361074997 -2.5279097244273006
E -2.7140223258379343 754.5946499022274 904.009543863424 1.3528178310025942
F 753.0349872328125 1304.067340668898 -2.431090369588591
E -2.7809741999525297 743.9945296322038 942.0174893774919 1.3631836612407269
F 725.4880073330052 1268.596551196152 -2.2599677889434298
E -2.7990138575096393 728.4544938744602 980.1606070310231 1.3789479374410567
F 725.4880073330052 1268.596551196152 -2.2599677889434298
E -2.7990138575096393 728.4544938744602 980.1606070310231 1.3789479374410567
F 705.198510329303 1228.2694024081911 -2.0685806921692365
E -2.787249792853303 708.1926491380935 1015.9303844409202 1.3966472567521995
F 692.6711452574312 1188.248598658087 -1.9087161760402043
E -2.7610207247786094 686.216269686525 1045.6740592721212 1.4100805219401644
F 685.9360301955929 1147.0765653366348 -1.7646129502337526
E -2.7271133426741376 662.3842500250363 1071.777307416889 1.422019538642109
F 685.9360301955929 1147.0765653366348 -1.7646129502337526
E -2.7271133426741376 662.3842500250363 1071.777307416889 1.422019538642109
F 685.3601570494627 1105.8755058657177 -1.6182581115240753
E -2.689024663600123 637.5397934848942 1093.9498539704662 1.433883664427077
F 690.3381667206244 1065.3454263076783 -1.480909724427301
E -2.6483334956067655 612.0926654705855 1112.2432239241105 1.4448592631465944
F 701.5144829061671 1025.1386985231911 -1.3323032728143978
E -2.604800057175616 585.7635237098417 1126.9744658483037 1.4568666978693232
F 718.3418760596004 991.8284974089295 -1.1566774663627848
E -2.564353238711051 562.3314835523852 1135.7224517848538 1.4698686744340876
F 718.3418760596004 991.8284974089295 -1.1566774663627848
E -2.564353238711051 562.3314835523852 1135.7224517848538 1.4698686744340876
F 740.9286017590736 962.5116326239756 -0.9720452082982689
E -2.5229650472679435 539.6201866664586 1139.2326506776342 1.4835228558603124
F 768.3556877213208 937.6901310002614 -0.7919161760402043
E -2.4811929239884716 518.1256919462619 1137.523988652487 1.4966238420086317
F 799.78595329021 918.1839680381191 -0.6117871437821396
E -2.439981175522452 498.55390500886455 1130.847376153074 1.5096111370407344
F 799.78595329021 918.1839680381191 -0.6117871437821396
E -2.439981175522452 498.55390500886455 1130.847376153074 1.5096111370407344
F 835.5937116888375 904.7109439932564 -0.4158968212014944
E -2.3989369636397977 481.04391536372856 1118.8876908853204 1.5243119483280003
F 872.6236423324152 898.47111377234 -0.22450972442730066
E -2.3612288846015868 467.0773744403078 1102.4951712347408 1.5382559764513999
F 909.626395092955 899.1306793754924 -0.03987746636278455
E -0.7567781500616382 1082.5750173490947 456.652827021499 1.5513083487384978
F 948.9542452428859 903.5995479055534 0.08170963041140888
E -0.7247072034795657 1058.8840293498542 448.70517844175515 1.5601177538888427
F 948.9542452428859 903.5995479055534 0.08170963041140888
E -0.7247072034795657 1058.8840293498542 448.70517844175515 1.5601177538888427
F 994.0085083367628 907.1703037259299 0.07945801750818315
E -0.6910762165198336 1032.5889679056495 442.8174546724825 1.5667806321986428
F 1038.3561618374492 910.8195312460687 0.08170963041140888
E -0.6600828666281008 1009.2931197113829 440.6082716999201 1.5732124007602164
F 1082.879119294985 914.4656035484895 0.08170963041140888
E -0.6317329957113703 988.3442042929571 442.80390408926223 1.579666953126447
F 1082.879119294985 914.4656035484895 0.08170963041140888
E -0.6317329957113703 988.3442042929571 442.80390408926223 1.579666953126447
F 1128.2812497686075 918.0644526892572 0.07945801750818315
E -0.6062501477092772 969.4080906971084 450.301503445465 1.5863495106652334
F 1172.9767706490393 921.741773529787 0.08170963041140888
E -0.5852203423827351 952.9711683928584 463.3116642712412 1.5928020761694595
F 1217.6831663631708 925.2844360297725 0.07945801750818315
E -0.5689717730164974 938.5876521592171 482.03543763733165 1.5992286070826944
F 1217.6831663631708 925.2844360297725 0.07945801750818315
E -0.5689717730164974 938.5876521592171 482.03543763733165 1.5992286070826944
F 1261.8663216364705 928.8025490318631 0.07945801750818315
E -0.55851802342246 926.3003983544357 506.00137295966965 1.605479937373282
F 1306.5618425169023 932.4798698723929 0.08170963041140888
E -0.5550759874992327 915.726838617784 535.2964673267016 1.6118559219638808
F 1351.2682382310338 936.0225323723784 0.07945801750818315
E -0.5609291297943908 907.0759615910222 569.0253415966941 1.6182067843857122
F 1395.9637591114656 939.6998532129081 0.08170963041140888
E -0.579612003957348 900.5350691878734 606.320861330269 1.6245328192726245
F 1440.6701548255971 943.2425157128936 0.07945801750818315
E -0.6170686804726154 896.5760980742605 646.0395038661453 1.6308343155439724
F 1440.6701548255971 943.2425157128936 0.07945801750818315
E -0.6170686804726154 896.5760980742605 646.0395038661453 1.6308343155439724
F 1485.5491078197363 946.8160320693479 0.07945801750818315
E -0.6833593265681711 896.2294381047212 686.7301225143337 1.6371591880847074
F 1530.0801619534557 950.3618467486205 0.07945801750818315
E -2.3620990787077787 725.2653130428259 901.5253408156202 1.6433625990706515
F 1574.9591149475948 953.9353631050748 0.07945801750818315
E -2.5205297014442003 758.2324267746734 916.0674624344271 1.6496394376949917
F 1574.9591149475948 953.9353631050748 0.07945801750818315
E -2.5205297014442003 758.2324267746734 916.0674624344271 1.6496394376949917
F 1619.7987099019006 957.9801706775517 0.08846446912108652
E -2.701512600885537 781.1579517391842 943.4173611879485 1.655911618650396
F 1662.8545025950016 970.7556050337267 0.2595870497662478
E -2.84245059911565 790.2332342737864 983.6089570976668 1.6689131219690994
F 1697.0008349838952 994.4655763230884 0.5432902755726996
E -2.9034610975535013 785.4630493979515 1026.919042222724 1.692676836437226
F 1718.826232278301 1020.2922702343855 0.7774580175081836
E -2.9112252305575477 773.941404786961 1061.6573800102724 1.7085678870888203
F 1718.826232278301 1020.2922702343855 0.7774580175081836
E -2.9112252305575477 773.941404786961 1061.6573800102724 1.7085678870888203
F 1734.3232513306314 1051.1380593291333 1.016128985250119
E -2.89435274611997 757.2668050997879 1093.5557853138432 1.724933058200565
F 1742.0641805443768 1083.4901284087862 1.2435418884759253
E -2.8631521337371746 737.8232575535543 1119.1839360482616 1.7397288135080884
F 1742.1106441760453 1117.3037931994802 1.4777096304114092
E -2.822056425615341 715.752650270413 1138.973829748343 1.7551939199787248
F 1742.1106441760453 1117.3037931994802 1.4777096304114092
E -2.822056425615341 715.752650270413 1138.973829748343 1.7551939199787248
F 1733.8740168959737 1150.8523532737117 1.720883823959796
E -2.774042125340313 691.8238216924511 1151.8669577991532 1.77160682106244
F 1718.6682620355803 1180.6442870318037 1.9505483400888286
E -2.724412176718458 668.3343041104854 1157.033847989233 1.7862736341705847
F 1697.2492984760208 1206.096327399152 2.177961243314635
E -2.674123080155384 645.6821745399903 1155.193566985996 1.8005654071457928
F 1671.3900027743932 1225.8386404787552 2.3963676949275383
E -2.6256083136420805 625.076795112149 1147.050406333309 1.81375345250416
F 1671.3900027743932 1225.8386404787552 2.3963676949275383
E -2.6256083136420805 625.076795112149 1147.050406333309 1.81375345250416
F 1641.284202654456 1239.553228347203 2.6215289852501193
E -2.57842554089021 606.4940061796556 1132.948095269749 1.8275808983116655
F 1608.5566139373052 1246.3381218696604 2.8466902755726995
E -2.534322040306904 590.7462130742247 1113.573453266819 1.8413675799148577
F 1566.2033645718534 1256.1616012097966 2.902980598153345
E -2.4807403970794613 573.3153680057225 1085.8612231651862 1.8472581736423728
F 1566.2033645718534 1256.1616012097966 2.902980598153345
E -2.4807403970794613 573.3153680057225 1085.8612231651862 1.8472581736423728
F 1522.9389189381875 1266.5644362331036 2.905232211056571
E -2.429228969372316 558.5077495616333 1060.2793936062426 1.8527165105761592
F 1479.5089492082661 1277.0250917220353 2.905232211056571
E -2.381049369917113 547.8033707382976 1038.122250243207 1.858200444907806
F 1435.7396828398298 1287.5674710819744 2.905232211056571
E -0.765791486672378 1018.9790667269867 542.7886983229804 1.8637538828477245
F 1392.6490097484236 1297.946402699899 2.905232211056571
E -0.7262529749365467 1002.8341338174987 544.8499678279593 1.8691207096991975
F 1392.6490097484236 1297.946402699899 2.905232211056571
E -0.7262529749365467 1002.8341338174987 544.8499678279593 1.8691207096991975
F 1348.8797433799873 1308.488782059838 2.905232211056571
E -0.690377599668173 988.7744130565427 555.0126490625112 1.8746417977311913
F 1305.110477011551 1319.0311614197772 2.905232211056571
E -0.6586773553185488 976.705255468363 573.7446699325492 1.880146673048471
F 1261.6805072816296 1329.4918169087089 2.905232211056571
E -0.6311730198937364 966.3823631066674 600.7045554233562 1.8855508312080327
F 1217.9112409131933 1340.034196268648 2.905232211056571
E -0.6073278638848242 957.3777590929714 635.7844070997235 1.8910239499920949
F 1217.9112409131933 1340.034196268648 2.905232211056571
E -0.6073278638848242 957.3777590929714 635.7844070997235 1.8910239499920949
F 1172.870547097997 1346.0072408004842 2.995296727185604
E -0.5912123929828903 948.6193804222895 677.5501029052048 1.8982360560040028
F 1127.9724054095952 1347.4988303650298 3.0921160820243134
E -0.5940350594175897 939.6218227006268 722.7581050378071 1.9055532727103288
F 1083.1403474736067 1344.6432134920926 -3.0942498703165633
E -0.6366073226712519 931.4560092897126 769.3821535022045 1.9128424989947441
F 1083.1403474736067 1344.6432134920926 -3.0942498703165633
E -0.6366073226712519 931.4560092897126 769.3821535022045 1.9128424989947441
F 1038.9527275991002 1337.600642137309 -2.9996821283810795
E -0.7697874277524885 927.8250235522397 812.6383842688386 1.9199748995162205
F 995.2849098172605 1326.3514294101274 -2.9051143864455957
E -2.6246971141355613 841.8615049949411 939.1470192181223 1.9271637245092894
F 953.4136545988989 1311.063877385718 -2.808295031606886
E -2.8813308188666014 847.2994417104101 973.700955490945 1.9342893259538398
F 953.4136545988989 1311.063877385718 -2.808295031606886
E -2.8813308188666014 847.2994417104101 973.700955490945 1.9342893259538398
F 913.2952578851056 1291.1977625428733 -2.7002176122520476
E -2.990632239247995 838.513454825306 1021.6732829975216 1.9418937124857734
F 877.7544225820932 1263.3626831646188 -2.508830515477854
E -3.0144368300612077 822.3309399828521 1073.087486971067 1.9545018127932956
F 848.4173559341557 1229.5072088063948 -2.31744341870366
E -2.995724029411958 801.1374571910841 1122.0266346785131 1.9669482724372311
F 826.2459125279725 1194.1385603194144 -2.164333741284305
E -2.9604961648954307 778.6763695899308 1164.2347452050894 1.9760539650129476
F 826.2459125279725 1194.1385603194144 -2.164333741284305
E -2.9604961648954307 778.6763695899308 1164.2347452050894 1.9760539650129476
F 809.2629310815959 1156.8186067520196 -2.029236967090757
E -2.9180503624647818 755.3945160016576 1202.3583855114723 1.9839483267431095
F 797.7668839984484 1117.9972802228913 -1.8918885799939826
E -2.871807565740803 731.9194853249708 1236.4760934673886 1.9918229653210218
F 791.9496868017683 1076.6735434679704 -1.7432821283810793
E -2.8209181322393473 707.6848101652009 1267.3331066738365 2.000550176886442
F 787.5618023777083 1033.9414578124067 -1.6847401928972083
E -2.7678992674938176 683.7566337374602 1296.7127117545224 2.0059087910035664
F 787.5618023777083 1033.9414578124067 -1.6847401928972083
E -2.7678992674938176 683.7566337374602 1296.7127117545224 2.0059087910035664
F 782.4827091458263 989.5591370535521 -1.6847401928972083
E -2.7157203766923086 661.5068966156688 1328.9199500619638 2.0109750129525374
F 777.4036159139443 945.1768162946976 -1.6847401928972083
E -2.6670899571409805 642.5033031691735 1364.3980813918856 2.0160285036709
F 772.3642030979364 901.1412324167716 -1.6847401928972083
E -2.621687006269994 626.8625614117469 1402.7426270588894 2.0209909992897024
F 772.3642030979364 901.1412324167716 -1.6847401928972083
E -2.621687006269994 626.8625614117469 1402.7426270588894 2.0209909992897024
F 767.3432639574091 856.2254546743351 -1.6824885799939826
E -2.5778261010011505 614.0873861039966 1444.931567302712 2.026138880393839
F 762.4030149207862 812.1786356239638 -1.6824885799939826
E -2.5369296486788233 604.4732438868625 1489.2668683916008 2.0310766736487476
F 757.3849666867361 767.438165879886 -1.6824885799939826
E -2.497412890293269 597.4041085550051 1537.2849634235502 2.036158661945199
F 752.366918452686 722.6976961358082 -1.6824885799939826
E -2.459830444760781 592.7379657417413 1588.2185593571614 2.041227997796636
F 752.366918452686 722.6976961358082 -1.6824885799939826
E -2.459830444760781 592.7379657417413 1588.2185593571614 2.041227997796636
F 747.3877698173495 678.3040517385837 -1.6824885799939826
E -2.424386093348597 590.1551837473498 1641.534509047808 2.0462067744690255
F 746.4817293012572 633.0675409513594 -1.6036821283810794
E -2.3888623336365025 589.2853675830297 1696.170420528332 2.0524727199047934
F 749.9603392690966 588.4576448054057 -1.5091143864455956
E -0.7816544656636203 1748.2709993502503 590.0842560704125 2.059121525011393
F 749.9603392690966 588.4576448054057 -1.5091143864455956
E -0.7816544656636203 1748.2709993502503 590.0842560704125 2.059121525011393
F 757.7332109507864 544.5658035785876 -1.4122950316068859
E -0.7439955424061465 1797.5190368995898 592.6390052834754 2.065792010392064
F 769.8559628371124 500.94806669311885 -1.3154756767681761
E -0.7045213459141002 1844.554301494717 597.1353260369327 2.072595049833613
F 785.766741902048 459.4998513374696 -1.2209079348326923
E -0.6648030398854109 1887.6042698903557 603.4579419387971 2.0791033394492566
F 785.766741902048 459.4998513374696 -1.2209079348326923
E -0.6648030398854109 1887.6042698903557 603.4579419387971 2.0791033394492566
F 809.1752109100676 420.78064161452505 -1.0542885799939827
E -0.6228480118067747 1925.5824411201777 612.0251057567319 2.0892652795498634
F 839.4078387394045 387.4980162521206 -0.8651530961230147
E -0.5791393200744944 1953.7483979053782 622.9292892286637 2.1007919670680897
F 872.90493100273 361.1120822492313 -0.7007853541875306
E -0.5362755010071512 1970.8928718125403 635.5166397867032 2.1101587124304904
F 908.3943264093758 338.6625742604855 -0.5882047090262406
E -0.4932880787412989 1980.7624010502134 649.9064066633886 2.1167328087353363
F 908.3943264093758 338.6625742604855 -0.5882047090262406
E -0.4932880787412989 1980.7624010502134 649.9064066633886 2.1167328087353363
F 945.8490147337849 313.68184641837945 -0.5882047090262406
E -0.4467618104170746 1990.4741502254794 667.1905298329843 2.1216096309055037
F 982.7230102159551 289.08841668235254 -0.5882047090262406
E -0.40082562242933106 2003.8065494856028 685.6339783343744 2.1263257317606468
F 1021.9705100460325 267.30748578885544 -0.5184047090262407
E -0.35413193748447663 2018.3126086749132 705.5157156275556 2.1320359100889563
F 1062.8429830684197 249.53877012713002 -0.42608857999398264
E -0.30736888967964265 2029.9978674537992 726.3752198566607 2.1383233832271205
F 1062.8429830684197 249.53877012713002 -0.42608857999398264
E -0.30736888967964265 2029.9978674537992 726.3752198566607 2.1383233832271205
F 1105.7850421992496 235.75330560622132 -0.32701761225204695
E -0.25956427047790065 2037.8507585074922 748.463776445959 2.1449392874012925
F 1150.0192968370297 226.1200921783238 -0.23019825741333744
E -0.21107479194057574 2041.5610816429958 771.4299825086647 2.1514920769160812
F 1194.4455539127105 220.7861214522472 -0.13563051547785365
E -0.16264193859943465 2041.2632027656575 794.70854868904 2.15783580140949
F 1194.4455539127105 220.7861214522472 -0.13563051547785365
E -0.16264193859943465 2041.2632027656575 794.70854868904 2.15783580140949
F 1239.3570501353213 219.7734647743673 -0.03881116063914414
E -0.11349688102478228 2036.9714143020146 818.4633090678448 2.1642755131147116
F 1283.6379176064554 222.98472973156498 0.05575658129633965
E -0.06438220109932438 2028.7828749452412 842.1397337462034 2.1705089154809305
F 1328.6159632673537 230.60621399685436 0.15257593613504916
E -0.013297994092090343 2016.3808658650416 866.4960657458633 2.1770589120030115
F 1371.1355457164093 242.11272783243183 0.24714367807053295
E 0.03666999680967364 2000.5850143979 889.8742162840797 2.1831838476708993
F 1371.1355457164093 242.11272783243183 0.24714367807053295
E 0.03666999680967364 2000.5850143979 889.8742162840797 2.1831838476708993
F 1413.3801910340392 257.88653646563705 0.34171142000601673
E 0.08857491500435949 1980.6369975694402 913.510496035628 2.189508647853054
F 1454.1716917143046 277.9273351428759 0.4407823877479524
E 0.14173502613629502 1956.688576921691 936.8622474526256 2.1960435961219105
F 1492.5914394847227 301.5355133459218 0.5353501296834362
E 0.1954695437291954 1929.2068434671503 959.4203514053642 2.2023314651433035
F 1492.5914394847227 301.5355133459218 0.5353501296834362
E 0.1954695437291954 1929.2068434671503 959.4203514053642 2.2023314651433035
F 1528.1052098427572 328.4740243555714 0.6321694845221457
E 0.2497164522162105 1898.544685749134 980.971210521148 2.208569459581177
F 1561.1197008322572 358.9389443653968 0.7289888393608552
E 0.3057194309039511 1864.156557646639 1001.7889790220851 2.214861668054713
F 1591.2446080140635 392.49357242319047 0.823556581296339
E 0.3636433577528943 1826.4235093836905 1021.6463811542478 2.2210962642151064
F 1617.6169804449992 428.20919112125455 0.9181243232318224
E 0.42276129302996396 1786.3778513146456 1040.0324902009652 2.227170642412601
F 1617.6169804449992 428.20919112125455 0.9181243232318224
E 0.42276129302996396 1786.3778513146456 1040.0324902009652 2.227170642412601
F 1642.0726368013093 465.6314250863985 0.9811694845221446
E 0.485712755741246 1744.5409404533355 1057.3645951195513 2.232430228187778
F 1667.107616748499 502.8397850930024 0.9789178716189184
E 0.5555045597723363 1705.26417045046 1073.6816005020785 2.237019983725771
F 1692.2257747232186 540.2024480194726 0.9789178716189184
E 0.6346898109426451 1671.859509815559 1088.606022057689 2.2416351286422262
F 1692.2257747232186 540.2024480194726 0.9789178716189184
E 0.6346898109426451 1671.859509815559 1088.606022057689 2.2416351286422262
F 1717.1492182950335 577.2754779000012 0.9789178716189184
E 0.7226970491511034 1645.5755820084987 1101.1241433084385 2.246169734204635
F 1742.071997463442 614.5590849392883 0.9811694845221446
E 2.3906270292229728 1110.4720753507877 1627.00819219637 2.2507314719261458
F 1767.1069774106315 651.7674449458922 0.9789178716189184
E 2.4943331175713834 1115.7623576330654 1617.3019142835851 2.2552839826905946
F 1792.419849788256 689.419740918304 0.9789178716189184
E 2.6019250912652763 1116.4588487774631 1617.1950242218259 2.2599330048959883
F 1792.419849788256 689.419740918304 0.9789178716189184
E 2.6019250912652763 1116.4588487774631 1617.1950242218259 2.2599330048959883
F 1813.5275078034217 729.0596049138093 1.066730774844725
E 2.706974647849634 1112.508546738192 1622.7259209778256 2.265795933280614
F 1830.3703216555282 769.7613785094852 1.1612985167802083
E 2.8072304707611337 1104.414385494991 1629.1418025247785 2.2716816277089413
F 1843.6151011150898 813.0516072149908 1.2581178716189179
E 2.9066282436578494 1092.1357871178145 1636.0709503641503 2.277869844408467
F 1843.6151011150898 813.0516072149908 1.2581178716189179
E 2.9066282436578494 1092.1357871178145 1636.0709503641503 2.277869844408467
F 1852.6825769951856 857.2240418091266 1.3526856135544012
E 3.0015043258108607 1076.400991463 1643.0426506008223 2.283932449604771
F 1859.342390091575 901.4252654046892 1.411227549038272
E 3.0910072889734503 1057.9052145654023 1651.2411935715827 2.288968179465026
F 1866.5846807131409 945.6831630263566 1.4089759361350467
E -3.1083219454110846 1037.2244948065006 1664.4110041195643 2.293444791239883
F 1873.6377737809285 989.6181731058788 1.4112275490382729
E -3.032073770867987 1015.5373559664849 1684.0509350094992 2.297843493134007
F 1873.6377737809285 989.6181731058788 1.4112275490382729
E -3.032073770867987 1015.5373559664849 1684.0509350094992 2.297843493134007
F 1880.7358185336088 1033.7226552441937 1.4112275490382729
E -2.9622735510601004 993.4098363277968 1709.5370810060872 2.3022673919057195
F 1887.9781091551747 1077.9805528658612 1.4089759361350467
E -2.8984910048315378 971.5395756713721 1740.4877587708988 2.306718194252232
F 1895.0870435654988 1122.2600664910913 1.4112275490382729
E -2.840234626370664 950.5356565462224 1776.1977561863584 2.311160425318025
F 1895.0870435654988 1122.2600664910913 1.4112275490382729
E -2.840234626370664 950.5356565462224 1776.1977561863584 2.311160425318025
F 1902.4410168721377 1167.2069712041744 1.4089759361350467
E -2.7859776286904885 930.4824459478532 1816.9004090409107 2.31573305861108
F 1909.5821206060355 1210.9509189736855 1.4089759361350467
E -2.7373221437712014 912.4647603348576 1860.545293594248 2.320054587793289
F 1916.6910550163595 1255.2304325989155 1.4112275490382729
E -2.6916261004725173 895.858661763328 1908.3128747758108 2.324471332196335
F 1916.6910550163595 1255.2304325989155 1.4112275490382729
E -2.6916261004725173 895.858661763328 1908.3128747758108 2.324471332196335
F 1923.8445532436704 1299.6794810039362 1.4112275490382729
E -2.648882182021472 880.8950822147227 1959.6841777261732 2.328913183563742
F 1931.0868438652362 1343.9373786256037 1.4089759361350467
E -2.6091462934862992 867.7150439262538 2014.2105878938273 2.333313159530653
F 1938.1957782755603 1388.2168922508338 1.4112275490382729
E -2.571913702894281 856.1970714057802 2071.819290122339 2.337704853975547
F 1945.1588621844435 1430.7522721439623 1.4089759361350467
E -2.538268746127499 846.6169485165077 2129.9311149664027 2.3417541786116582
F 1946.1252489157484 1437.1363957413373 1.4112275490382729
E -2.5333962260544736 845.2980929359115 2138.8570381541913 2.341845789022993
F 1946.1252489157484 1437.1363957413373 1.4112275490382729
E -2.5333962260544736 845.2980929359115 2138.8570381541913 2.341845789022993
F 1946.1252489157484 1437.1363957413373 1.4112275490382729
E -2.5333962260544736 845.2980929359115 2138.8570381541913 2.341845789022993
F 1946.1252489157484 1437.1363957413373 1.4112275490382729
E -2.5333962260544736 845.2980929359115 2138.8570381541913 2.341845789022993
F 1946.1252489157484 1437.1363957413373 1.4112275490382729
E -2.5333962260544736 845.2980929359115 2138.8570381541913 2.341845789022993
F 1946.1252489157484 1437.1363957413373 1.4112275490382729
E -2.5333962260544736 845.2980929359115 2138.8570381541913 2.341845789022993
F 1946.1252489157484 1437.1363957413373 1.4112275490382729
E -2.5333962260544736 845.2980929359115 2138.8570381541913 2.341845789022993
F 1946.1252489157484 1437.1363957413373 1.4112275490382729
E -2.5333962260544736 845.2980929359115 2138.8570381541913 2.341845789022993