F 1850.0 1897.0 3.717551306747922
F 1850.0 1897.0 3.717551306747922
F 1850.0 1897.0 3.717551306747922
F 1850.0 1897.0 3.717551306747922
F 1850.0 1897.0 3.717551306747922
F 1850.0 1897.0 3.717551306747922
F 1850.0 1897.0 3.717551306747922
F 1850.0 1897.0 3.717551306747922
F 1850.0 1897.0 3.717551306747922
F 1850.0 1897.0 3.717551306747922
F 1850.0 1897.0 3.717551306747922
F 1850.0 1897.0 3.717551306747922
F 1850.0 1897.0 3.717551306747922
F 1829.2185819968804 1883.5043893513625 3.717551306747922
F 1792.0461864138354 1859.3643534023915 3.717551306747922
F 1754.3684184692845 1835.0415589552315 3.715224640081255
F 1716.5536827617948 1810.609281034974 3.715224640081255
F 1716.5536827617948 1810.609281034974 3.715224640081255
F 1679.0320845404096 1786.366400617974 3.715224640081255
F 1641.4302119353918 1761.9264394150962 3.717551306747922
F 1603.752443990841 1737.603644967937 3.715224640081255
F 1566.1505713858235 1713.1636837650587 3.717551306747922
F 1566.1505713858235 1713.1636837650587 3.717551306747922
F 1528.4728034412726 1688.8408893178996 3.715224640081255
F 1490.8709308362552 1664.4009281150213 3.717551306747922
F 1490.8709308362552 1664.4009281150213 3.717551306747922
F 1453.1931628917043 1640.0781336678622 3.715224640081255
F 1415.591290286687 1615.6381724649839 3.717551306747922
F 1377.913522342136 1591.3153780178247 3.715224640081255
F 1340.3116497371186 1566.8754168149464 3.717551306747922
F 1302.6338817925678 1542.5526223677873 3.715224640081255
F 1302.6338817925678 1542.5526223677873 3.715224640081255
F 1265.0320091875503 1518.112661164909 3.717551306747922
F 1227.3542412429995 1493.7898667177499 3.715224640081255
F 1189.5395055355098 1469.3575887974923 3.715224640081255
F 1189.5395055355098 1469.3575887974923 3.715224640081255
F 1152.0179073141246 1445.1147083804924 3.715224640081255
F 1114.4160347091067 1420.6747471776146 3.717551306747922
F 1076.7382667645559 1396.3519527304554 3.715224640081255
F 1038.9235310570662 1371.9196748101979 3.715224640081255
F 1038.9235310570662 1371.9196748101979 3.715224640081255
F 1001.4019328356811 1347.676794393198 3.715224640081255
F 963.800060230663 1323.23683319032 3.717551306747922
F 926.1222922861123 1298.914038743161 3.715224640081255
F 926.1222922861123 1298.914038743161 3.715224640081255
F 888.5204196810947 1274.4740775402827 3.717551306747922
F 850.842651736544 1250.1512830931235 3.715224640081255
F 813.0279160290544 1225.719005172866 3.715224640081255
F 774.9200428354602 1201.0973297493506 3.715224640081255
F 774.9200428354602 1201.0973297493506 3.715224640081255
F 737.318170230442 1176.657368546472 3.717551306747922
F 699.6404022858912 1152.334574099313 3.715224640081255
F 662.0385296808737 1127.8946128964346 3.717551306747922
F 662.0385296808737 1127.8946128964346 3.717551306747922
F 624.360761736323 1103.5718184492755 3.715224640081255
F 586.7588891313054 1079.1318572463972 3.717551306747922
F 549.0811211867547 1054.809062799238 3.715224640081255
F 549.0811211867547 1054.809062799238 3.715224640081255
F 511.4792485817371 1030.3691015963598 3.717551306747922
F 473.80148063718644 1006.0463071492007 3.715224640081255
F 436.60165024222414 980.9948511256631 3.731511306747922
F 402.7152720466696 952.0277878100876 3.8315579734145886
F 402.7152720466696 952.0277878100876 3.8315579734145886
F 371.4196955830236 919.5554556141252 3.9292779734145884
F 343.65184372312086 884.235789086363 4.0293246400812555
F 319.55316361212624 846.5284804289793 4.127044640081255
F 299.24835009379336 806.6498889636206 4.224764640081255
F 299.24835009379336 806.6498889636206 4.224764640081255
F 283.1170550483671 765.0907900261062 4.324811306747922
F 270.98627347807684 721.4699803806922 4.424857973414588
F 263.5192282259407 677.8728593494274 4.524904640081255
F 260.1058164511604 633.0820546273617 4.620297973414588
F 260.1058164511604 633.0820546273617 4.620297973414588
F 265.60372179684924 587.6006081090493 4.804104640081254
F 279.83598179547784 545.1022424226458 5.001871306747921
F 301.2263215810258 506.55648432484065 5.185677973414587
F 301.2263215810258 506.55648432484065 5.185677973414587
F 326.66161250751924 474.1052168415784 5.341564640081254
F 357.6773023394068 445.3657189456276 5.502104640081254
F 392.0713854240648 422.02701904369184 5.653337973414587
F 392.0713854240648 422.02701904369184 5.653337973414587
F 429.4970137589799 404.3315289228238 5.8068979734145865
F 468.30653119906856 392.18136286166526 5.946497973414586
F 510.3544408604245 386.25315928016545 6.109364640081253
F 552.0953536150444 386.8138605423163 6.262924640081253
F 552.0953536150444 386.8138605423163 6.262924640081253
F 592.9112295092486 393.7328418163088 0.1332993329016663
F 632.4669977631786 407.11385872965207 0.2915126662349996
F 669.5180862140168 426.34495407293224 0.4450726662349996
F 669.5180862140168 426.34495407293224 0.4450726662349996
F 708.8710450728479 447.1359922086552 0.47997266623499957
F 748.5938001382813 467.95221801963015 0.4822993329016662
F 788.3811601849903 488.6446926786801 0.47997266623499957
F 827.6959955848013 509.11105646137906 0.47997266623499957
F 827.6959955848013 509.11105646137906 0.47997266623499957
F 867.4187506502342 529.9272822723553 0.4822993329016662
F 907.3042409684832 550.8088076733615 0.4822993329016662
F 947.4989211341605 571.8522053642979 0.4822993329016662
F 987.2862811808701 592.5446800233466 0.47997266623499957
F 987.2862811808701 592.5446800233466 0.47997266623499957
F 1027.0090362463027 613.360905834322 0.4822993329016662
F 1066.2761468696951 633.9186866554676 0.4822993329016662
F 1106.161637187944 654.8002120564737 0.4822993329016662
F 1106.161637187944 654.8002120564737 0.4822993329016662
F 1145.7379376587648 675.5198651675496 0.4822993329016662
F 1185.6234279770138 696.4013905685557 0.4822993329016662
F 1225.1997284478346 717.1210436796316 0.4822993329016662
F 1265.0852187660835 738.0025690806377 0.4822993329016662
F 1265.0852187660835 738.0025690806377 0.4822993329016662
F 1303.9907883358187 759.6059584856133 0.5032393329016662
F 1340.8512702583143 785.8973214793587 0.6032859995683328
F 1371.831952190851 818.4343499342777 0.7801126662349995
F 1371.831952190851 818.4343499342777 0.7801126662349995
F 1395.8324864743686 856.6929728137691 0.9778793329016662
F 1411.86120917678 895.461273369154 1.1430726662349995
F 1422.028873502446 935.9356711478142 1.2919793329016662
F 1422.028873502446 935.9356711478142 1.2919793329016662
F 1425.8570802709569 976.9759246366074 1.4432126662349996
F 1423.9086074564593 1017.7759549681549 1.585139332901666
F 1415.5499440887722 1058.6752328370837 1.738699332901666
F 1400.844919192273 1092.999080407897 1.9201793329016659
F 1400.844919192273 1092.999080407897 1.9201793329016659
F 1379.9431893285052 1123.569748060746 2.1109659995683323
F 1353.7946945038557 1149.7676649172279 2.2970993329016656
F 1323.2496615716188 1170.6740178364344 2.483232666234999
F 1323.2496615716188 1170.6740178364344 2.483232666234999
F 1287.9591973900733 1185.51707790572 2.685652666234999
F 1251.1213392225065 1192.9372297041518 2.8834193329016657
F 1214.0894110006027 1193.227616009998 3.074205999568332
F 1174.661554290876 1189.6409099749294 3.1998459995683324
F 1174.661554290876 1189.6409099749294 3.1998459995683324
F 1129.5357139068963 1187.1317865292497 3.1975193329016656
F 1085.1147016249813 1184.5231177272642 3.1998459995683324
F 1040.518476344155 1181.9222957991435 3.1998459995683324
F 1040.518476344155 1181.9222957991435 3.1998459995683324
F 995.044204626844 1179.3932587649526 3.1975193329016656
F 950.2747610115987 1176.764676374455 3.1998459995683324
F 905.4973519609484 1174.275466517289 3.1975193329016656
F 905.4973519609484 1174.275466517289 3.1975193329016656
F 861.2436504902378 1171.7979203237298 3.1975193329016656
F 816.4742068749924 1169.1693379332307 3.1998459995683324
F 771.6967978243422 1166.6801280760649 3.1975193329016656
F 726.9273542090968 1164.0515456855671 3.1998459995683324
F 682.1499451584466 1161.5623358284013 3.1975193329016656
F 682.1499451584466 1161.5623358284013 3.1975193329016656
F 637.1993350031578 1159.0457731593528 3.1975193329016656
F 592.597179190158 1156.548718728049 3.1975193329016656
F 547.6465690348692 1154.0321560590005 3.1975193329016656
F 547.6465690348692 1154.0321560590005 3.1975193329016656
F 502.7252216244639 1151.0277742276671 3.2068259995683324
F 459.44777375182525 1138.9644670811065 3.383652666234999
F 425.11574971173684 1115.4371420405673 3.6768126662349987
F 403.32883089153637 1089.520535872912 3.918785999568332
F 403.32883089153637 1089.520535872912 3.918785999568332
F 388.13549000094747 1058.4745022071302 4.165412666234999
F 380.97386633876215 1025.9459570081303 4.400405999568332
F 381.80497906354185 992.0985116308781 4.642379332901665
F 381.80497906354185 992.0985116308781 4.642379332901665
F 391.1892658244881 958.8047828597339 4.893659332901666
F 407.6449988976026 929.6354151415046 5.130979332901666
F 430.32093327080133 905.2387533505029 5.365972666235
F 457.2890906150524 886.9687595923878 5.591659332901666
F 457.2890906150524 886.9687595923878 5.591659332901666
F 488.2505033103856 875.1956949399558 5.824325999568333
F 521.4201985645019 870.7617726449968 6.056992666235
F 564.3650348774102 863.9647945918033 6.1151593329016665
F 564.3650348774102 863.9647945918033 6.1151593329016665
F 608.2560789456951 856.6430642181574 6.117485999568333
F 652.3162177857963 849.2747706985558 6.117485999568333
F 696.7205764605858 841.8489123858324 6.117485999568333
F 740.4364954659987 834.5381836593526 6.117485999568333
F 740.4364954659987 834.5381836593526 6.117485999568333
F 784.8408541407882 827.1123253466292 6.117485999568333
F 829.2452128155777 819.6864670339057 6.117485999568333
F 873.3053516556789 812.3181735143041 6.117485999568333
F 917.7097103304684 804.8923152015807 6.117485999568333
F 917.7097103304684 804.8923152015807 6.117485999568333
F 963.0735013055568 802.2716873803834 6.2105526662349995
F 1007.9576685920542 804.2576298628155 0.02741402572207985
F 1052.4190372006178 810.7166655492978 0.12746069238874652
F 1052.4190372006178 810.7166655492978 0.12746069238874652
F 1095.8669111839108 821.4343964475408 0.22518069238874655
F 1138.3976769100495 836.4343774870334 0.3229006923887465
F 1178.726330864561 855.4337736500166 0.4229473590554132
F 1178.726330864561 855.4337736500166 0.4229473590554132
F 1216.8118142691394 878.975731235157 0.5346273590554131
F 1249.390683030499 910.2545608289822 0.7323940257220798
F 1274.9540343936342 947.0673762302628 0.9301606923887464
F 1293.0320820350591 984.7090367843371 1.0883740257220798
F 1293.0320820350591 984.7090367843371 1.0883740257220798
F 1305.5599529653443 1023.762733193604 1.2279740257220797
F 1312.2768981954396 1063.701576915591 1.3699006923887462
F 1312.8463982113071 1105.4423705499496 1.5234606923887462
F 1311.765570428059 1148.3875653601197 1.5839540257220794
F 1311.765570428059 1148.3875653601197 1.5839540257220794
F 1311.177806661364 1193.0556984949906 1.5839540257220794
F 1310.590042894669 1237.7238316298615 1.5839540257220794
F 1310.0068710324015 1282.0429949746162 1.5839540257220794
F 1310.0068710324015 1282.0429949746162 1.5839540257220794
F 1309.289854262123 1327.23285067008 1.586280692388746
F 1308.6035681513051 1371.5505372113932 1.586280692388746
F 1307.9064743851986 1416.5661400761917 1.586280692388746
F 1307.2093806190921 1461.5817429409901 1.586280692388746
F 1307.2093806190921 1461.5817429409901 1.586280692388746
F 1306.5176906806298 1506.248387644046 1.586280692388746
F 1301.5412263185754 1551.222874107917 1.6677140257220793
F 1292.1553159958771 1594.9777846516438 1.7654340257220793
F 1292.1553159958771 1594.9777846516438 1.7654340257220793
F 1278.4704915737843 1637.405404958199 1.865480692388746
F 1260.3806627804572 1678.9106936556122 1.9655273590554125
F 1238.7186173635832 1717.670321500605 2.0632473590554126
F 1238.7186173635832 1717.670321500605 2.0632473590554126
F 1209.812229123168 1752.4973586693588 2.235420692388746
F 1174.776350379869 1780.7108059667162 2.430860692388746
F 1137.4689851545104 1801.3941253456635 2.6007073590554124
F 1098.7761594673461 1817.7339184171055 2.717040692388746
F 1098.7761594673461 1817.7339184171055 2.717040692388746
F 1057.7519718017363 1836.278633766143 2.717040692388746
F 1017.3638180534228 1854.535834148529 2.717040692388746
F 975.0487098339471 1869.5174371673022 2.7891673590554125
F 931.7590604104735 1880.1342352985314 2.884560692388746
F 931.7590604104735 1880.1342352985314 2.884560692388746
F 887.0802978277009 1886.3272205543615 2.9869340257220793
F 841.8373793632071 1888.0619321853555 3.086980692388746
F 797.1670345267838 1885.388394927286 3.1847006923887458
F 797.1670345267838 1885.388394927286 3.1847006923887458
F 752.8125052982548 1878.2324060046162 3.2847473590554124
F 709.8806288562497 1866.9007270692846 3.382467359055412
F 667.1282787219392 1850.9693332953814 3.482514025722079
F 627.5823801509874 1831.5558397972447 3.5802340257220786
F 627.5823801509874 1831.5558397972447 3.5802340257220786
F 589.1945531453181 1807.8864460107607 3.6779540257220784
F 553.1511729552383 1780.1927905272041 3.780327359055412
F 520.2338063910936 1749.3656524356043 3.8780473590554116
F 520.2338063910936 1749.3656524356043 3.8780473590554116
F 490.94013999917803 1715.7612108592311 3.9780940257220783
F 464.92884904846653 1679.1286408753595 4.078140692388745
F 442.5061140270328 1639.9995414914558 4.175860692388745
F 424.33489620425263 1599.485842509974 4.2735806923887445
F 424.33489620425263 1599.485842509974 4.2735806923887445
F 408.48074393337083 1557.6845736205175 4.338727359055412
F 391.99705766484846 1515.9772527523164 4.336400692388745
F 375.4657084527038 1474.1011863870747 4.336400692388745
F 375.4657084527038 1474.1011863870747 4.336400692388745
F 359.0625092344517 1432.549740691331 4.336400692388745
F 342.7087307490141 1390.791310928571 4.338727359055412
F 326.2250444804923 1349.0839900603696 4.336400692388745
F 309.565545274455 1306.8833030256299 4.336400692388745
F 309.565545274455 1306.8833030256299 4.336400692388745
F 297.5860018892787 1263.5967602104306 4.427140692388745
F 290.14063957191433 1220.1763916773407 4.524860692388745
F 286.92001337703084 1175.0149206811436 4.6249073590554115
F 286.92001337703084 1175.0149206811436 4.6249073590554115
F 288.1106015951675 1129.9322414780208 4.722627359055411
F 291.7314163242603 1085.3770925940073 4.783120692388745
F 294.7791667864727 1040.6342301003947 4.780794025722078
F 297.9419197592515 996.2492272424288 4.783120692388745
F 297.9419197592515 996.2492272424288 4.783120692388745
F 301.09901278427094 951.688927112926 4.783120692388745
F 304.1467632464842 906.9460646193133 4.780794025722078
F 307.33377599830874 862.2129060373181 4.783120692388745
F 307.33377599830874 862.2129060373181 4.783120692388745
F 310.43004601860554 816.7737320956462 4.780794025722078
F 313.4595988799926 772.5543908696616 4.780794025722078
F 316.6466116318161 727.8212322876661 4.783120692388745
F 316.6466116318161 727.8212322876661 4.783120692388745
F 319.8283694460935 682.9128048134015 4.783120692388745
F 322.87611990830516 638.1699423197889 4.780794025722078
F 326.06313266012967 593.4367837377936 4.783120692388745
F 328.98958422712855 550.4346998643289 4.780794025722078
F 329.508021284229 543.9986709255897 4.783120692388745
F 329.508021284229 543.9986709255897 4.783120692388745
F 329.508021284229 543.9986709255897 4.783120692388745
F 329.508021284229 543.9986709255897 4.783120692388745
F 329.508021284229 543.9986709255897 4.783120692388745
F 329.508021284229 543.9986709255897 4.783120692388745
F 329.508021284229 543.9986709255897 4.783120692388745
F 329.508021284229 543.9986709255897 4.783120692388745
